systemTime=[
4.454478984220631
3.916633769330504
2.1869523024683906
2.8232966021697687
4.410425579140408
2.7114325472867185
2.2672461858124464
2.0221253705914544
3.1564058589984594
3.3675644131566425
2.5907131672322445
4.517811759645632
4.091280277582569
4.91962545043806
3.4417073237995046
2.4338204701950454
3.4976997322105574
1.5370602599203225
3.2529163048474588
4.607196634871826
4.063376784463063
3.676780542863464
4.000075608760775
3.2618352253867804
4.645559550184424
1.6656904678068294
2.582529378232129
2.32725220717251
4.857916154521074
4.906821887168954
1.7471616428888597
2.3218451742381707
2.699321393834899
3.5744690568983186
2.608746582490638
1.5017640415502882
2.3043022639659556
2.136108939273502
2.9425374720904793
4.773609908626825
2.9389922882251516
3.6037339310487644
2.556840553532533
4.6614177820404965
4.467286500770653
4.371289323521543
4.859078572206168
3.035450547370267
3.6587423956237233
3.840764993311037
4.830300443071638
2.3133347664703177
3.897198968261648
3.5869055418443403
4.8106522805476
3.8228142852109177
3.7190809297846976
2.901463633897429
2.3586053515371175
4.1068571556218645
4.79368565985985
4.55128157752044
3.447147848380145
3.5361554546907086
3.306237316301583
3.0732578775826624
3.626935916457334
4.633451178806235
2.7148343909504917
3.3157071055537943
1.3033823694770081
2.2663728824631106
4.257901229057829
4.293736923947972
3.322747470639766
2.5530734887714273
2.640589390098647
4.476684344075763
3.5918999586672453
2.940307703925379
3.4840020504744076
4.559115956503342
4.105657093256025
3.9554966848582698
4.931814012932897
3.8540843178404285
3.689238817469655
2.7240361400247646
4.6365413974574095
4.849365018342555
3.6087914271086157
2.1092060886787185
4.640199947999006
1.189145449237498
4.6884216486960755
2.3388439247648485
2.672463803003538
4.819674334592453
3.3262510700402004
4.501815422510589
4.518286261109385
2.7981734983122646
3.963738890776467
2.0898951098517697
4.289848588870892
1.9748631248669695
4.398841334662744
3.4221286004508547
3.70739788502234
4.941966184219076
3.299293439179034
2.6384192849695505
4.731470748751279
4.353818892396931
3.043076118919904
4.84108861283444
3.5405450106820244
1.8694842749901632
4.858604473415251
1.9909258628777817
4.049144757676583
2.395236668746364
3.856918978147051
3.3319123602708642
3.3274403755612973
3.272445143875319
3.0072179920985054
3.8347881144999905
3.6433834477397964
4.1624166633414825
4.309711123369532
2.0530334784694912
3.87384906060324
3.6447922338087135
4.7234140916041225
2.372092370181121
2.82740516691407
4.871700968635501
4.286202572491778
4.591342628067452
3.529949391220967
4.828082167062026
2.4718500333595874
2.2191072940320593
3.7422086635904375
3.1655378552771865
4.110665496280094
3.8435862344937872
2.2495073824275624
4.812588788939314
2.3597660159342415
3.6884200384478376
4.813541569129072
1.5982392756273514
4.585663017748545
4.234436503029088
4.841687611226031
2.2719110952795796
3.258449752139344
4.941214922756455
4.33157275828856
2.9717899514043253
2.136258478012332
2.386414725954875
2.7218880361696614
3.5683947642536444
4.292658216811059
2.4835537128062355
3.8590747510711183
4.074800100048695
1.4618236992773388
3.232491574805122
4.181647514435579
1.3108701530869116
4.740559895324147
2.071973120561936
3.2510982108742845
4.557500582434332
1.7033949889959634
3.79130435362855
3.7424282753009153
4.554839208662082
4.732084149343591
4.188830156562241
1.7899631708896468
2.5661901105071854
4.944443276459792
4.624404364678697
2.3660420178264525
4.040564129681125
4.220727205866971
3.63166857030572
2.067526794354548
4.646943578930764
1.6330447250008726
3.139509211840529
4.234040646359719
2.317425045281873
2.894297445649343
4.426190356129098
4.427699738711036
2.2185023699028643
2.944586438492468
2.3298413710585617
3.5551572374747495
4.5494807917780244
3.9157323436371714
4.708814082143449
4.048374276184789
3.8115303607781255
4.5834346290603065
4.759271213197881
4.829386940572993
4.787436169890663
2.7357716923928477
4.532295737238449
4.5370039814302245
3.333848046816741
3.8946927258519666
2.986818605949264
3.6034666990043713
1.5828121726554547
3.566250899249707
4.647652799843434
4.2029333593663525
4.569878775527662
3.571932416364946
4.006759496615864
2.933656937022237
4.491496810872655
3.634692224890129
4.836778925125054
3.754285669848648
4.913580132443729
4.935412515411812
3.2757733766535653
4.937123549791601
4.285034733725318
2.796867758940231
3.281476856553091
4.678166878395008
4.33954273706773
4.6991262699022975
3.7775737556620554
3.733320540842044
4.97203360517125
4.581752051174675
1.89385810309105
2.2419200069010836
4.184260434624742
2.758759380784579
4.309590914033514
4.644749744608487
4.659544643647958
4.020569205938478
4.290699261081011
4.541881539046225
1.549836429840514
3.3904546483369544
4.51222823128206
4.413223954617647
2.815213764478643
3.1799449589171362
3.6133381936180218
4.602292825863652
3.988513826114912
3.8824290401324473
2.8644029526200008
3.974985169819492
3.313718228477512
3.2489297735520917
4.729764605584627
4.290799613567325
4.644392127062015
4.733215124846823
2.908193467654831
4.761977714790119
3.9943727089296615
3.0515763931228745
3.5591254441844833
4.1956585416588394
3.7911012677093794
4.7479031664295634
1.8531836519977336
2.9785859507337418
1.271483534483061
1.3419957931287387
4.04484955751108
4.375918255078626
4.881558654493061
4.472578426156704
2.1689793265680293
1.5963156016854403
4.306674070374213
2.982566402451805
3.0541184841444062
3.0061487108380534
3.843862080382472
2.5299807913903916
2.685072500625462
3.389383756732629
3.7647851498738283
4.550395812215699
3.7518126920356565
3.5820312472195517
4.7375704014401565
4.093147242183359
4.079839006527121
4.187715807034262
2.502963640551104
4.502941951402503
4.8941872037061644
3.8221896624205014
4.514827656616044
1.9709434614703119
2.828656783224018
1.6662619027820016
4.236631959109832
3.3676902635745662
4.894614518378393
4.104996933132575
4.9820870479943995
1.9804045481808061
2.7898266384594597
2.4504943080670194
3.1580829086558784
2.9291365786991346
3.582257604222684
4.059315267358267
4.146429562673303
3.4399898949057555
3.3490453034829337
3.615763781479719
4.186233842702004
3.3189237707067507
3.822760612371197
4.2488757542741435
4.0944938408475124
2.5768175915296174
3.1447267740281344
2.9326909888016464
4.498187471671703
2.9486064433216526
2.920149069423429
2.638149240100034
4.1451577323487365
1.5222352329931241
3.663867748100038
4.164122609069758
2.1377208831924017
3.3547679416922915
3.3959982687906756
2.3377611419556183
4.286123256902676
4.662391920204278
1.553712159345185
3.4798993177574564
4.515247478125858
4.752461919746747
3.9758612689068484
4.675795632595818
3.8050768553650713
2.9335594965863607
4.694719706004235
4.052268273940267
4.374145015062982
2.9136204615761923
2.0848439097140194
4.965922810207725
4.860213416943084
1.601668570596838
4.584536510483039
2.90644241304271
2.4332119204278064
2.9185549135910915
4.50087012869515
4.7877031465367725
3.679327421530466
1.3895536386155432
4.633958715064663
4.1731674362905435
4.437636154561507
4.52888291419793
4.573952858282266
4.792148895363488
2.452934630343163
3.9519863213986834
3.851110432034484
4.844251206585327
3.6834178624017544
4.963514408184575
4.4616360864822076
4.684500079711011
2.7781608011211616
4.56623964607919
4.625828034377809
4.072029926295375
2.965453770400678
3.3833774027184216
4.365893521367742
4.234122488352069
3.845602366861229
4.136961683383095
4.137480209440394
3.4875337110907574
4.509888172934024
4.95229284113799
4.234949082900069
4.077779191206249
2.7746155042562215
4.389204015946662
4.6770258798842015
2.6521254572206545
2.150490923238766
4.800238646701385
4.463491528572401
4.829317947397351
2.112372107397306
4.515375217456608
4.942901981335159
2.618103325753453
4.09520803572064
2.638734991826278
4.312684751998978
3.7896097685051426
3.1515431554543767
4.008207973461379
4.371981633106105
2.6428718902490003
2.8556968642296403
3.2866989220147484
4.142741139817259
2.7760763622281472
3.1934109371371515
