closing=[
17.25299546355503
21.547724442615035
19.00224544678376
18.25077029016174
18.544874658614262
17.373350039409587
17.78862562281617
18.382919175583197
18.898895293004585
17.816600186612902
17.05607220015162
19.177302442692906
19.217809987034798
17.455967226586097
18.869530040111385
17.871857652388883
18.249653870549537
18.05755292356315
17.02340243432252
17.51034114066556
17.075999241894806
19.556478370094283
17.221122438244265
18.31044489124156
18.089445312841463
19.04504365757714
17.300936351941004
18.12979753107379
17.003480451397422
17.62842071748139
17.979479498790397
17.2909913733306
20.323377471174354
18.990124897453597
17.852039039854276
17.75452708298451
18.48210073802727
18.324256916734953
20.878338487869314
18.74183008717091
17.18234155129028
20.550808338785828
17.422041735863104
17.964526357926616
18.9535995152537
17.44709811820212
17.00070440410559
18.43575850098682
19.594806655136836
17.99675324708528
19.6867529791607
17.735522409151827
18.21270240550757
20.777000744604265
17.408094175004408
17.786200257845394
17.39727455531306
17.793714966740026
17.420573395216024
17.165122621966475
17.348523895041808
17.99026853216992
18.873653605211302
18.060445414534797
17.23719334767793
17.201318178759266
17.146210918692304
17.00052651680039
17.726909930950796
18.05039481173776
17.011730245508943
17.301941174391914
17.366863598388136
17.730243063317403
17.7439672646708
19.231058725755474
17.024243335786878
17.137660355398566
19.457362065872303
18.938438062268688
17.189603695473807
17.13768955298019
17.34027651031556
18.060831152432
18.65224541429984
17.59682676443208
17.35765769067666
18.467281931280468
19.240045668170296
17.257571952079616
17.464383438867117
18.711718707032105
19.041876312836393
19.350828667613314
20.751574555755724
17.24063637676727
19.704694455789195
17.539478671534198
18.349104324948712
17.08574535249045
18.626400737784024
17.55857406752284
19.0526195715629
18.858937650187727
18.36898040816186
17.9782110853871
18.40792329103033
20.416816154495336
17.00120249853353
18.09124905849194
17.534203289873403
17.533350879292357
17.921461928829103
18.413636718789803
17.11280973199746
18.80235501794732
17.6074564885339
18.483411216485365
18.33033705052867
19.632903148605237
18.749130296971543
17.889076386907618
18.016510669997842
19.408137479627385
18.083925516560157
18.688109997690844
20.218825846166965
19.301069058186386
18.053746676227547
18.464949643901946
19.599556661070437
17.643585657090625
18.914901257276142
17.16085603975762
18.318011831137028
17.00195552750074
19.223788639000304
17.00286514857089
20.273830154901134
17.629312692136864
17.183199033499022
17.76188233046105
17.554655619503137
17.952662909690844
18.562970132321425
17.223094416425738
19.648867447133398
18.1753860789604
18.145477577955717
17.827495514682596
18.994002687291868
18.911481879640178
17.507178070820373
17.70544118277803
17.221792474201266
17.10586367884389
18.01820944727524
17.85393365319851
17.31360911877573
17.87296838730117
17.163610175871327
18.2514147359625
17.574599663246772
19.676284245639636
18.35613854400026
17.7256004873243
17.763455456799875
19.98623577282069
18.135263873033637
18.187050069421275
17.772748013617274
18.428182579687928
19.548275933520017
17.82313552323012
19.747425309098617
17.001275939765947
18.86345248244197
17.72741267704805
18.275268763755776
17.00680491798812
18.46292793113662
18.205196633865853
20.525814419910603
19.25650081236472
17.011252478014285
17.70577800281626
18.132789973265062
19.304549584836423
17.812898708994
18.823365766832467
18.083555107608845
18.16880246088931
17.138234185379588
18.286198433668687
17.004079246498804
18.71597075371301
19.36814774278264
19.332676730386993
17.62060742004269
17.01495397002782
17.511403579311263
18.735785696078892
20.204298335103886
19.96967436500381
17.17543461698733
18.494996845044625
18.70414909538067
17.25859768888131
17.126633810829844
17.99628719798784
17.611897737313484
17.732208660089782
17.53024129928417
17.31682096435088
18.216047613281262
18.465226267413527
19.339525265325392
19.268924410979707
17.44271970588852
17.829647993035906
17.242341163343553
18.73773090681243
17.28416288220069
18.81114453630198
17.831593717155556
17.007774273884024
17.932367768358745
18.629088128526746
18.928111331470063
17.409783021450494
19.37085479950474
17.86266397597501
17.82723605931369
19.117374238899174
19.659343341842032
18.160171847906895
17.459174240222637
17.00987487954626
17.440142187198035
17.66626453837671
17.697169881245827
18.3920949039275
17.023187715401946
17.061152043231232
17.973071906097175
19.94691557716942
18.30503625863821
17.244656985209076
17.586916282934
18.04738566360811
17.326281294152977
19.141888515696337
18.213777643599315
18.231280495386272
19.69709026095461
19.64402387499831
17.747190227764804
18.091005834900898
18.165952464020847
17.50983148414798
18.153114521544012
18.599909210802252
19.279112933226315
17.508338010038642
17.07468222693933
18.447900870209196
19.159340557903306
17.820924977057075
18.979972455546886
17.35134338503667
18.20464574977359
17.782467851600813
17.893308173167497
19.67351280204548
17.021726025248427
17.01261873695512
18.133680232181177
20.330568201978167
17.532297363117323
17.614388919649173
18.928463933612875
18.188058246322726
17.400162605950754
18.12857707394869
17.05612342025779
17.03950904966223
17.30557744050202
20.313850142093543
18.931637919587047
17.925268787161258
20.719506149751396
17.68354571200325
18.052466269339675
17.85302262201185
17.007683683593314
17.016540192670618
20.025882673868182
17.596291637593822
18.825887671803684
17.711999693186954
17.209242942160927
17.003995552747256
19.039485600605076
18.356479560154185
18.687000592215554
18.808646031124226
18.370042174558876
17.8736429542505
17.943647270778456
17.992745683619432
17.361188256469177
18.75028189314162
17.71369879550093
18.628979310946306
17.147134151047794
17.778999399704844
18.078044658825092
19.480118890110134
19.524961176180113
18.228003140392502
17.425394585342474
17.24350504031463
19.04761580233935
18.805435804922126
17.01810265932272
18.81184544250027
17.014564206916475
18.285236824732237
19.784870446393143
17.303789010929904
17.009117037929173
18.060895287742824
20.50152146657092
17.502344664998418
18.058322783600488
17.27741514483023
17.32782340022277
19.057244516849096
17.037737167620435
18.690722562103474
17.29374155743153
18.86414565103223
17.814229690717184
17.797930497208654
17.94925989910189
19.10444885565994
18.138704849772694
18.33169460041063
17.387621587760805
18.274601112399978
19.379887041199254
17.10065002731244
17.655819665884337
17.13985693401446
17.895541271103866
18.97254659830105
18.530802007640887
18.816959130679606
17.597704837557103
17.33757322042038
18.557815370035314
18.280419484797676
19.819065819188836
17.023209744334963
17.308969310362954
17.48636211678786
19.636780434966568
17.00074667325316
17.598279750776783
19.304271557393804
17.001693718810202
17.067044340010398
17.033079470917073
17.687961682519017
17.591949994077368
17.565328483451594
20.97291121161834
17.027390989760534
17.085840018246017
17.276572960876365
17.002169575967855
18.138240292015325
18.627512996770747
19.823449467787214
17.818549483094102
18.495070364477215
17.463917217179187
17.42864361420652
17.79433441924266
17.47520136580897
17.052345869373312
17.74126887033708
18.488660239072487
20.06822512700637
20.991292696811797
18.722562538243437
17.010261634313792
18.641756642162363
17.689703752264904
17.05877164785852
18.402200383607124
19.024613181349196
17.990073915647372
18.65259437239547
19.219709540227996
18.52194510452682
18.328898794252382
17.50321968750177
18.427495295569315
18.049124531127745
19.287859208699956
18.44543276964214
17.840308289747554
17.55598199630367
17.697989624228285
21.77631584124174
17.866238544662338
18.8210714927136
17.303106568171643
17.46572894161909
19.279099554951244
18.88902237246657
20.17930594257632
18.075763877041027
17.110766998246618
17.497446552135443
17.00102979811345
17.42599565142882
17.550762303326337
